M005
6 21
6 20
7 21
7 20
12 11
13 11
14 11
11 6 18 25
M008
13 11
13 10
7 11
7 10
M010
8 14
9 14
10 14
1 14 17 30
M013
2 16
3 16
2 15
3 15
1 12
2 12
2 13
3 13
2 8
3 8
2 7
3 7
6 8
9 11
10 11
9 10
10 10
8 9
9 9
8 8
9 8
12 10
13 10
12 8
13 8
10 7
11 7
10 6
11 6
8 6
9 6
M014
4 23
5 23
25  23
26  23
9 17 21 27
M015
7 10
7 9
7 16
7 15
17 14
18 14
20 16
20 15
23 7
24 7
10 7
11 7
12 7
13 7
14 7
1 1 7 7
7 1 16 7
7 7 16 14
M019
1 21
1 20
1 1
1 2
2 1
2 2
M020
1 1 19 5
1 5 19 10
1 10 19 15
M025
8 18
8 17
8 16
18 18
18 17
18 16
7 1 13 11
13 1 20 7
S005
15 12
15 11
7 7
7 8
7 10
8 15
9 15
10 15
11 15
12 15
13 15
S009
4 6
15 6
S014
22 12
16 12 27 25
G006
1 18 25 25