1	0 1 255 210 190 1 0.99 1.15 1 1.1 1 1 1 1 1 1.15 1 1 1
2	0 2 255 210 190 1 0.99 1.15 1 1.1 1 1 1 1 1 1.15 1 1 1
3	0 3 255 210 190 1 0.99 1.15 1 1.1 1 1 1 1 1 1.15 1 1 1
4	0 4 255 210 190 1 0.99 1.15 1 1.1 1 1 1 1 1 1.15 1 1 1
49	0 49    255 240 222 1.03 0.97 1.05 0.93 1.08 1 1 1 1 1 1 1 1 1
51	1 51    255 215 204 1.02 0.96 1 1 1.05 1 1 1.06 1 1 1.05 1.4 1 1
52	1 52    255 215 204 1.02 0.96 1 1 1.05 1 1 1.06 1 1 1.05 1.4 1 1
53	1 53    255 215 204 1.02 0.96 1 1 1.05 1 1 1.06 1 1 1.05 1.4 1 1
54	1 54    255 215 204 1.02 0.96 1 1 1.05 1 1 1.06 1 1 1.05 1.4 1 1
99	1 99    255 240 222 1.13 0.92 1.02 1.02 1.05 1 1 1.02 1 1.1 1.02 1.75 1 1
100	0 100   255 230 212 1.01 0.98 1.05 0.96 1.1 1 1 1 1 1 1.1 1 1 1	
101	0 101   255 230 213 1.07 0.98 1.08 1.06 1.24 1 1.2 1.04 1.15 1.2 1.2 1 1 1.08
102	0 102   255 230 212 1.03 0.98 1.15 1.05 1.25 1 1.1 1.05 1 1.15 1.15 1 1 1.1
103	0 103   245 215 200 0.79 1.1 1 0.92 0.9 0.98 1 1 0.98 0.95 1 1 1 1
150	1 150   254 236 231 1 0.98 1 1 1 1 1 1 1 1 1 1 1 1
151	1 151   245 215 200 1.13 0.91 1 1 1 1 1 1 1 1 1 1 0.95 1
152	1 152   255 231 225 1 0.98 1 1 1 1 1 1 1 1 1 1 1.08 1
153	1 153   254 236 231 1.07 0.97 1 1.05 1 1 1 1.06 1 1 1.1 1.65 1 1
200	0 200   243 205 175 1.08 0.93 1 1 1.05 1.05 1 1 1 1 1.15 1 0.9 1.1
201	1 201   243 220 204 0.95 1.02 1.05 0.94 0.94 1 1 1.08 1 0.92 1 1 1.05 1.1
202	0 202   234 200 175 1.07 0.95 1.05 0.95 1.05 1 1 1 1 1 1 1 1 1.05
203	0 203   255 230 212 1.07 0.95 1.05 0.95 1.05 1 1 1 1 1 1 1 1 1.05
204	0 204   200 200 200 1.05 0.96 1 1.1 1.2 1.08 1 1.08 1 1.2 1 1 1.2 1.1
250	1 250   255 228 215 1.12 0.92 1 0.96 1.15 1.04 1 1 1 1.1 1.15 1 1 1.05
251	0 251   255 228 215 1 0.98 1 1 1 1 1 1 1 1 1 1 1 1
252	0 252   255 223 219 1.05 0.95 1 1 1.15 1 1 1 0.85 1 1 1 1 1
253	1 253   255 224 209 1 0.98 1 1 1.05 1 1 1 1 1 0.95 1.65 1 1
254 0 254   156 110 106 1.1 0.97 1.05 1.15 1.2 1 1.05 1.05 1.05 1.2 1.2 1 1.1 1.1
300	1 300   241 231 226 1.04 0.95 1 1 1 1 1 1 1 1 1 1 1 1
301	1 301   121 112 110 1.07 0.94 1.1 1 1.05 1 1 1 1.1 1 1 1 1 1
302	1 302   247 224 208 1.02 0.97 1 1 1.1 1 1 1 1 1 1 1 1 1.09
303	0 303   255 231 225 1.07 0.96 0.9 1 1 1 1 1 1 0.93 0.92 0.5 1 1
304	0 304   227 169 151 1.04 1.04 1.05 1 1 1 1 1 1 1 1 1 1 1
350	1 350   255 244 243 1.12 0.93 1 1 1 1 1 1 1 1 1.15 1.65 1 1
351	0 351   255 230 232 1 0.98 1 1 1 1 1 1 1 1 1 1 1 1
352	1 352   255 224 209 1.1 0.94 1.02 1 0.9 0.95 1 0.98 1 1.1 1.04 1.75 0.88 1
400	0 400   129 76 68 1 0.97 1 1.05 1.15 1.1 1 1.03 1 1 1.15 1 1 1.1
401	0 401   255 236 223 1 0.98 1.1 1 1 1 1 1 1 1 1 1 1 1
402	0 402   249 226 217 1.07 0.95 1.08 1 1.2 0.98 1.05 1 1.05 1.08 1.2 1 0.9 1.05
403	1 403   243 219 199 1.01 0.96 1.1 1 1 1 1.05 1.02 1 1 1 1 1 1.1
450	0 450   129 79 68 1.05 0.94 1 1 1 1 1 1.03 1 1 1.2 1 1 1
451	0 451   142 72 64 1.09 0.94 1 1 1 1 1 1.06 1 1 0.9 1 1 1
452	0 452   255 228 215 1.1 0.93 1.1 1.02 1.1 1 1 1.05 1 1.2 1.07 1 1 1
453	1 453   255 231 225 1 0.98 1 1 1 1 1 1 1.15 1 1 1 1 1
500	0 500   233 203 180 1.05 1 1 1.15 1.18 1 1.2 1 1.15 1.3 1.3 1 1.15 1.18
501	0 501   255 222 203 0.9 1.02 1.1 0.95 0.9 1 0.95 1.02 1 1 1 1 1 0.88
502	0 502   233 191 158 1.05 0.96 1.2 1.15 1.15 1.05 1 1.05 1.1 1.2 1.2 1 1 1.1
503	0 503   242 223 200 1.04 0.95 1.1 1.04 1.15 1 1 1 1 1 1 1 1 1.03
510	0 510 1.06 0.95 1.05 1.14 1.08 1 1.04 1.06 1.1 1.25 1.15 1 0.9 1.1
body 510 Hec0AM DLC_48 GodM1
511	0 511 1.04 1 1.15 0.96 1.1 1 1 1 1 1 1 1 1 1
body 511 Sor0AM DLC_49 GodM1
512	0 512 1.06 0.96 1.05 1.05 1.05 1 1 1 1 1.1 1 1 1 1
body 512 Chr0AM DLC_50 GodM1
513	0 513 0.97 0.97 1.15 0.96 1.05 1 1 1 1 1 1 1 1 1
body 513 Rbi0AM DLC_51 GodM1
514	0 514 1.05 0.97 1.15 1 1.05 1 1 1 1 1 1 1 1 1
body 514 Dim0AM DLC_54 GodM1
515	0 515 0.98 0.98 1.05 1.07 1.05 1 1 1.04 1 1 1 1 1.05 1
body 515 Cla0AM DLC_55 GodM1
517	0 517 1.06 0.95 1.05 1.14 1.08 1 1.04 1.06 1.1 1.25 1.15 1 0.9 1.1
body 517 Hec0AM _Blank GodM1
518	0 518 1.04 1 1.15 0.96 1.1 1 1 1 1 1 1 1 1 1
body 518 Sor0AM _Blank GodM1
519	0 519 1.06 0.96 1.05 1.05 1.05 1 1 1 1 1.1 1 1 1 1
body 519 Chr0AM _Blank GodM1
520	0 520 0.97 0.97 1.15 0.96 1.05 1 1 1 1 1 1 1 1 1
body 520 Rbi0AM _Blank GodM1
521	0 521 1.05 0.97 1.15 1 1.05 1 1 1 1 1 1 1 1 1
body 541 Dim0AM _Blank GodM1
522	0 522 0.98 0.98 1.05 1.07 1.05 1 1 1.04 1 1 1 1 1.05 1
body 522 Cla0AM _Blank GodM1
530	0 530 1.02 0.98 1 1 1 1 1 1 1 1 1 1 1 1
body 530 Mar0AM Marth GodM1
531	0 531 1.06 0.94 1.15 1.05 1 1 1 1.02 1 1 1 1 1 1
body 531 Sig0BM Siglud GodM1
532	0 532 1.03 0.96 1 1 1 1 1 1 1 1 1 1 1 1
body 532 Lei0AM Leaf GodM1
533	0 533 1.02 0.96 1 1 1 1 1 1 1 1 1 1 1 1
body 533 Roy0AM Roy GodM1
534	0 534 1.06 0.93 1 1.05 1 1 1 1.05 1 1.2 1 1 1 1.04
body 534 Ike0AM Ike GodM1
535	0 535 1.02 0.96 1 1 1 1 1 1 1 1 1 1 1 1
body 535 Byl0AM Byleth GodM1
536	0 536 1.06 0.95 1 1 1 1 1 1 1 1 1 1 1 1
body 536 Eph0AM Ephraim GodM1
537	0 537 1.02 0.98 1 1 1 1 1 1 1 1 1 1 1 1
body 537 Mar0AM _Blank GodM1
538	0 538 1.06 0.94 1.15 1.05 1 1 1 1.02 1 1 1 1 1 1
body 538 Sig0BM _Blank GodM1
539	0 539 1.03 0.96 1 1 1 1 1 1 1 1 1 1 1 1
body 532 Lei0AM _Blank GodM1
540	0 540 1.02 0.96 1 1 1 1 1 1 1 1 1 1 1 1
body 540 Roy0AM _Blank GodM1
541	0 541 1.06 0.93 1 1.05 1 1 1 1.05 1 1.2 1 1 1 1.04
body 541 Ike0AM _Blank GodM1
542	0 542 1.06 0.93 1 1.05 1 1 1 1.05 1 1.2 1 1 1 1.04
body 542 Byl0AM _Blank GodM1
543	0 543 1.06 0.95 1 1 1 1 1 1 1 1 1 1 1 1
body 543 Eph0AM _Blank GodM1
550	1 550   255 223 219 0.97 0.96 1 1 1 1 1 1.08 1 1 1.05 1 1 1
551	1 551   255 231 225 1 0.97 1 0.95 1 1 0.9 1.03 1 1 1 1 1 1
551	1 556   255 231 225 1 0.97 1 0.95 1 1 0.9 1.03 1 1 1 1 1 1
552	0 552   255 231 225 0.88 1.05 1 1 0.95 1 1 0.93 1 1 1.08 0.5 1 1
553	1 553   238 187 160 1.08 0.93 1 1 0.95 1 1 1.08 1 1 1 2.2 1 1.08
554	0 554   254 236 231 1 0.98 1 1 1 1 1 1 1 1 1 1 1 1
555	1 555   254 236 231 1.12 0.93 1 1 1 1 0.9 1 1 1 1 1.75 1 1
556	1 551 1 0.97 1 0.95 1 1 0.9 1.03 1 1 1 1 1 1
558	1 555 1.12 0.93 1 1 1 1 0.9 1 1 1 1 1.75 1 1
560	1 560 0.97 0.98 1 1 1 1 1 1 1 1 1.05 1 1 1
body 560 Tik0AF DLC_47 GodF1
561	1 561 1.07 0.94 1 1.05 1 1 1 1.02 1 1 1.1 2 1 1
body 561 Cmi0DF DLC_52 GodF1
562	1 562 1 0.98 1 1.05 1 1 1 1 1 1 1 1 1 1
body 562 Ver0AF DLC_56 GodF1
563	1 563 1.06 0.94 1 1 1 1 1 1 1 1.06 1.05 1 1 1
body 563 Ede0AF DLC_53 GodF1
567	1 567 0.97 0.98 1 1 1 1 1 1 1 1 1.05 1 1 1
body 567 Tik0AF _Blank GodF1
568	1 568 1.07 0.94 1 1.05 1 1 1 1.02 1 1 1.1 2 1 1
body 568 Cmi0DF _Blank GodF1
569	1 569 1 0.98 1 1.05 1 1 1 1 1 1 1 1 1 1
body 569 Ver0AF _Blank GodF1
570	1 570 1.06 0.94 1 1 1 1 1 1 1 1.06 1.05 1 1 1
body 570 Ede0AF _Blank GodF1
580	1 580 1.07 0.93 1 1 1 1 1 1 1 1 1 1 1 1
body 580 Cel0AF Celica GodF1
581	0 581 1.08 0.94 1 1 1 1 1 1 1 1 1 1 1 1
body 581 Lyn0AF Lin GodF1
582	1 582 1.05 0.94 1 1 0.95 1 1 0.99 1 1.05 1.07 1 1 1
body 582 Eir0AF Eirik GodF1
583	1 583 1.02 0.95 1 1 1 1 1 1 1 1 1 1 1 1
body 583 Mic0AF Micaiah GodF1
584	1 584 1.08 0.93 1.1 1 1 1 1 1 1 1.08 0.95 0.9 1 1
body 584 Luc0AF Lucina GodF1
585	1 585 1.04 0.95 1 1.05 1 1 1 1.02 1 1 1 1 1 1
body 585 Cor0AF Kamui GodF1
587	1 587 1.07 0.93 1 1 1 1 1 1 1 1 1 1 1 1
body 587 Cel0AF _Blank GodF1
588	0 588 1.08 0.94 1 1 1 1 1 1 1 1 1 1 1 1
body 588 Lyn0AF _Blank GodF1
589	1 589 1.05 0.94 1 1 0.95 1 1 0.99 1 1.05 1.07 1 1 1
body 589 Eir0AF _Blank GodF1
590	1 590 1.02 0.95 1 1 1 1 1 1 1 1 1 1 1 1
body 590 Mic0AF _Blank GodF1
591	1 591 1.08 0.93 1.1 1 1 1 1 1 1 1.08 0.95 0.9 1 1
body 591 Luc0AF _Blank GodF1
592	1 592 1.04 0.95 1 1.05 1 1 1 1.02 1 1 1 1 1 1
body 592 Cor0AF Kamui GodF1
801	0 801
801	0 809
801	0 800
801	0 806
801	0 805
802	0 801
802	0 813
802	0 814
802	0 803
802	0 811
802	0 802
802	0 803
802	0 817
803	0 801
803	0 808
803	0 810
803	0 807
803	0 807
803	0 802
804	0 804
804	0 802
804	0 804
804	0 805
804	0 811
804	0 805
804	0 808
804	0 803
804	0 809
804	0 802
807	0 803
809	0 814
809	0 822
809	0 809
809	0 814
809	0 822
809	0 804
809	0 809
809	0 814
809	0 822
809	0 814
810	0 817
810	0 814
810	0 817
811	0 818 1.03 0.98 1.3 1.05 1.25 1 1.1 1.05 1 1.25 1.2 1 1 1.1
812	0 819 1 1 1 1.1 1.2 1.05 1 0.96 1 1.3 1.1 1 1.3 1.2
813	0 820 1.05 1 1.1 1.2 1.39 1 1.05 1.01 1.2 1.4 1.3 1.5 1.02 1.1
814	0 821 1.05 1 1.1 1.2 1.39 1 1.05 1.01 1.2 1.4 1.3 1.5 1.02 1.1
815	0 822 1.1 0.93 0 1.05 1.1 0.98 1.05 1 1 1.2 1.15 1 1.1 1.08
818	0 824 254 234 221 1.03 0.97 1.1 1.05 1.05 1 1 1 1 0.8 0.9 1 1 1 
819	0 825
851	0 851
851	0 853
851	0 858
851	0 854
851	0 858
851	0 859
851	0 853
852	0 855
852	1 863
852	1 865
852	0 857
853	0 862
853	0 860
853	0 851
853	0 862
853	0 862
853	0 856
853	1 870
853	0 861
854	0 866
854	0 866
854	1 863
854	0 852
854	0 866
854	0 857
854	0 850
854	1 864
854	0 857
855	0 867 1.1 0.965 1 1.07 0.75 0.98 0.98 1 1 1.15 0.7 1.5 1.1 1
855	0 867 1.1 0.965 1 1.07 0.75 0.98 0.98 1 1 1.15 0.7 1.5 1.1 1
855	0 859 1.1 0.965 1 1.07 0.75 0.98 0.98 1 1 1.15 0.7 1.5 1.1 1
855	1 865 1.08 0.93 1 1.07 1 1.01 1 1.03 1 1 1.04 1 1 1
856	0 868 121 95 78 1.08 0.94 1.1 1.05 1 1 1 1.03 1 1.15 1 1 1 1
857	0 869 
858	1 870 
859	0 871 1.2 0.91 0.87 0.96 0.9 0.934 1.05 0.88 1.1 1.4 1.2 1.6 1.3 1.25
859	0 866 1.2 0.91 0.87 0.96 0.9 0.934 1.05 0.88 1.1 1.4 1.2 1.6 1.3 1.25
859	0 866 1.2 0.91 0.87 0.96 0.9 0.934 1.05 0.88 1.1 1.4 1.2 1.6 1.3 1.25
859	0 851 1.2 0.91 0.87 0.96 0.9 0.934 1.05 0.88 1.1 1.4 1.2 1.6 1.3 1.25
859	0 866 1.2 0.91 0.87 0.96 0.9 0.934 1.05 0.88 1.1 1.4 1.2 1.6 1.3 1.25
body 1 Drg0AM PlayerM
body 2 Drg0AM PlayerM_Boss
body 3 Drg0AM PlayerM GodM1
body 51 Drg0AF PlayerF
body 52 Drg0AF PlayerF_Boss
body 53 Drg0AF PlayerF GodF1
body 49 Sds0AM DLC_43_2 
body 99 Sds0AF DLC_42
body 100 Avn0BM Alfred
body 101 Axe0AM Boucheron
body 102 Amr0AM Louis
body 103 Rod0AM Jean
body 150 Flr0AF Celine HumnF1High
body 151 Rod2AF Eve
body 152 Bow0AF Etie
body 153 Wng0EF Chloe
body 200 Scs0AM Diamand
body 201 Trl0AM Staluke
body 202 Swd2AM Morion
body 203 Cav0BM Umber
body 250 Amr0AF Jade
body 251 Swd0AF Lapis
body 252 Mag0AF Citrinica
body 253 Dge0AF Yuanaka
body 300 Rod1AM Hyacinth
body 301 Dge0AM Zelkova
body 302 Swd1AM Kagetsu
body 303 Wng2DF Rosado
body 304 Mag1AM Linden
body 350 Lnd0DF Ivy
body 351 Slp0EF Hortensia
body 352 Swd2AF Goldmary
body 400 Cpd0BM Fogato
body 401 Rod2AM Pandoro
body 402 Amr2BM Bonet
body 403 Dnc0AM Seadas
body 450 Pcf0AF Misutira
body 451 Wng2DF Sfoglia
body 452 Cav2CF Merin
body 453 Axe1AF Panetone
body 500 Cav1BM Vandre
body 501 Mag0AM Clan
body 502 Lnc2BM Mauve
body 503 Mag1AM Gris
body 504 Sdk0AM Sombre Sdk0AM
body 550 Rod0AF Fram
body 551 Sdp0AF Veyre HumnF1Low
body 552 Axe0AF Anna
body 553 Msn0DF Sepia 
body 554 Amr1AF Marron
body 555 Drg1AF Lumiere Drg1AF
body 556 Sdp0AF Veyre_Boss HumnF1Low
body 532 Lei0AM Leaf GodM1
body 811 - Boss1
body 812 - Boss2
body 855 - Boss3
body 815 - Boss4
body 859 - Boss5
body 813 - Boss6
body 814 - Boss7
acc 49 h Tiara
acc 99 h Tiara
acc 150 h Tiara
acc 150 h2 Dress
acc 151 h Tiara
acc 103 h Hat
acc 152 h Tiara
acc 152 h2 Hat
acc 202 h2 Band
acc 250 h Helm
acc 251 h2 Tiara
acc 252 h Dress
acc 300 h Band
acc 302 h Dress
acc 303 h Hat
acc 350 h Hat
acc 350 h2 Dress
acc 351 h Tiara
acc 352 h Dress
acc 400 h2 Band
acc 403 h Band
acc 450 h Band
acc 450 h2 Dress
acc 451 h Ear
acc 451 h2 Hat
acc 453 h Dress
acc 502 h Band
acc 504 h Dress
acc 550 h Hat
acc 551 h Dress
acc 553 h Dress
acc 554 h Dress
acc 555 h Dress
acc 556 h Dress
acc 530 h Tiara
acc 533 h Band
acc 534 h Band
acc 537 h Tiara
acc 540 h Band
acc 541 h Band
acc 560 h Tiara
acc 561 h Tiara
acc 562 h Tiara
acc 567 h Tiara
acc 568 h Tiara
acc 569 h Tiara
acc 580 h Tiara
acc 587 h Tiara
acc 581 h Ear
acc 582 h Ear
acc 583 h Hat
acc 584 h Tiara
acc 585 h Tiara
acc 587 h Tiara
acc 588 h Ear
acc 589 h Ear
acc 590 h Hat
acc 591 h Tiara
acc 592 h Tiara
aoc_m 001 049 100 100b 101 102 103 200 200b 201 201b 201c 202 203 204 300 301 302 304 400 400b 401 402 403 500 501 502 503 503b 504 510 511 512 513 514 515 530 531 532 533 534 535 536 720 730 811 812 815 813 814
aoc_f 051 099 150 150b 152 153 250 251 252 253 254 303 350 350b 350c 351 351b 352 450 450b 452 453 550 551 551b 552 553 553b 554 554b 555 560 561 562 563 580 581 582 583 584 585 721 731 740 855 859 